TRAINING RESULTS
[14. 10.] 2013
[14.  12.5] 1924
[14. 15.] 2145
[15. 10.] 1924
[15.  12.5] 1953
[15. 15.] 2016
[16. 10.] 1987
[16.  12.5] 2080
[16. 15.] 2042
TEST ON TRAIN POINTS
[14. 10.] 2006
[14.  12.5] 605
[14. 15.] 0
[15. 10.] 1518
[15.  12.5] 2016
[15. 15.] 2016
[16. 10.] 2001
[16.  12.5] 0
[16. 15.] 1414
TEST RESULTS
[14. 10.] 2006
[14.         10.55555556] 2007
[14.         11.11111111] 1786
[14.         11.66666667] 0
[14.         12.22222222] 2135
[14.         12.77777778] 1488
[14.         13.33333333] 0
[14.         13.88888889] 0
[14.         14.44444444] 0
[14. 15.] 0
[14.22222222 10.        ] 1950
[14.22222222 10.55555556] 0
[14.22222222 11.11111111] 0
[14.22222222 11.66666667] 0
[14.22222222 12.22222222] 1971
[14.22222222 12.77777778] 0
[14.22222222 13.33333333] 71
[14.22222222 13.88888889] 0
[14.22222222 14.44444444] 0
[14.22222222 15.        ] 0
[14.44444444 10.        ] 1928
[14.44444444 10.55555556] 0
[14.44444444 11.11111111] 0
[14.44444444 11.66666667] 0
[14.44444444 12.22222222] 1879
[14.44444444 12.77777778] 1785
[14.44444444 13.33333333] 70
[14.44444444 13.88888889] 0
[14.44444444 14.44444444] 55
[14.44444444 15.        ] 0
[14.66666667 10.        ] 1741
[14.66666667 10.55555556] 0
[14.66666667 11.11111111] 0
[14.66666667 11.66666667] 0
[14.66666667 12.22222222] 1953
[14.66666667 12.77777778] 1982
[14.66666667 13.33333333] 0
[14.66666667 13.88888889] 0
[14.66666667 14.44444444] 594
[14.66666667 15.        ] 1891
[14.88888889 10.        ] 1457
[14.88888889 10.55555556] 0
[14.88888889 11.11111111] 1878
[14.88888889 11.66666667] 0
[14.88888889 12.22222222] 2016
[14.88888889 12.77777778] 2016
[14.88888889 13.33333333] 0
[14.88888889 13.88888889] 0
[14.88888889 14.44444444] 0
[14.88888889 15.        ] 1893
[15.11111111 10.        ] 1425
[15.11111111 10.55555556] 0
[15.11111111 11.11111111] 1887
[15.11111111 11.66666667] 0
[15.11111111 12.22222222] 2016
[15.11111111 12.77777778] 1891
[15.11111111 13.33333333] 0
[15.11111111 13.88888889] 0
[15.11111111 14.44444444] 0
[15.11111111 15.        ] 2003
[15.33333333 10.        ] 1882
[15.33333333 10.55555556] 0
[15.33333333 11.11111111] 0
[15.33333333 11.66666667] 0
[15.33333333 12.22222222] 0
[15.33333333 12.77777778] 1891
[15.33333333 13.33333333] 0
[15.33333333 13.88888889] 0
[15.33333333 14.44444444] 406
[15.33333333 15.        ] 1173
[15.55555556 10.        ] 1739
[15.55555556 10.55555556] 0
[15.55555556 11.11111111] 0
[15.55555556 11.66666667] 0
[15.55555556 12.22222222] 0
[15.55555556 12.77777778] 0
[15.55555556 13.33333333] 0
[15.55555556 13.88888889] 0
[15.55555556 14.44444444] 64
[15.55555556 15.        ] 186
[15.77777778 10.        ] 2005
[15.77777778 10.55555556] 0
[15.77777778 11.11111111] 0
[15.77777778 11.66666667] 0
[15.77777778 12.22222222] 0
[15.77777778 12.77777778] 0
[15.77777778 13.33333333] 0
[15.77777778 13.88888889] 0
[15.77777778 14.44444444] 0
[15.77777778 15.        ] 0
[16. 10.] 2001
[16.         10.55555556] 0
[16.         11.11111111] 0
[16.         11.66666667] 0
[16.         12.22222222] 0
[16.         12.77777778] 2080
[16.         13.33333333] 0
[16.         13.88888889] 365
[16.         14.44444444] 363
[16. 15.] 1414
